{
 "cells": [
  {
   "cell_type": "markdown",
   "id": "526b979c",
   "metadata": {},
   "source": [
    "## **Lab1-02** ##"
   ]
  },
  {
   "cell_type": "code",
   "execution_count": 1,
   "id": "421b380d",
   "metadata": {},
   "outputs": [],
   "source": [
    "import numpy as np"
   ]
  },
  {
   "cell_type": "code",
   "execution_count": 4,
   "id": "88714444",
   "metadata": {},
   "outputs": [],
   "source": [
    "A = np.array([[1.32, 3.25, 2.77],\n",
    "                   [-3.57, 2.12, -3.26],\n",
    "                   [-9.87, 3.33, 2.15]])"
   ]
  },
  {
   "cell_type": "markdown",
   "id": "c45ff8ad",
   "metadata": {},
   "source": [
    "#### Calcular la inversa de la matriz A empleando inv de linal y multiplicar A por su inversa ####"
   ]
  },
  {
   "cell_type": "code",
   "execution_count": 5,
   "id": "210253c9",
   "metadata": {},
   "outputs": [
    {
     "data": {
      "text/plain": [
       "array([[ 0.08813184,  0.01278826, -0.09415603],\n",
       "       [ 0.22786099,  0.17254888, -0.03193749],\n",
       "       [ 0.05166706, -0.20854309,  0.08234036]])"
      ]
     },
     "execution_count": 5,
     "metadata": {},
     "output_type": "execute_result"
    }
   ],
   "source": [
    "invA = np.linalg.inv(A)\n",
    "invA"
   ]
  },
  {
   "cell_type": "code",
   "execution_count": null,
   "id": "acaace8b",
   "metadata": {},
   "outputs": [
    {
     "data": {
      "text/plain": [
       "array([[ 1.00000000e+00,  4.72944060e-17,  4.93022098e-17],\n",
       "       [-2.30193534e-17,  1.00000000e+00,  1.92962312e-16],\n",
       "       [ 6.79652033e-17, -1.27456013e-17,  1.00000000e+00]])"
      ]
     },
     "execution_count": 8,
     "metadata": {},
     "output_type": "execute_result"
    }
   ],
   "source": [
    "product = np.matmul(invA, A)\n",
    "product"
   ]
  },
  {
   "cell_type": "markdown",
   "id": "a038963e",
   "metadata": {},
   "source": [
    "### Hacer lo mismo con 5 matrices distintas ###"
   ]
  },
  {
   "cell_type": "code",
   "execution_count": 13,
   "id": "18f601d5",
   "metadata": {},
   "outputs": [
    {
     "name": "stdout",
     "output_type": "stream",
     "text": [
      "Matrix 1\n",
      "[[ 1.00000000e+00  4.72944060e-17  4.93022098e-17]\n",
      " [-2.30193534e-17  1.00000000e+00  1.92962312e-16]\n",
      " [ 6.79652033e-17 -1.27456013e-17  1.00000000e+00]]\n",
      "--------------------------------\n",
      "Matrix 2\n",
      "[[ 1.00000000e+00  4.72944060e-17  4.93022098e-17]\n",
      " [-2.30193534e-17  1.00000000e+00  1.92962312e-16]\n",
      " [ 6.79652033e-17 -1.27456013e-17  1.00000000e+00]]\n",
      "--------------------------------\n",
      "Matrix 3\n",
      "[[ 1.00000000e+00  4.72944060e-17  4.93022098e-17]\n",
      " [-2.30193534e-17  1.00000000e+00  1.92962312e-16]\n",
      " [ 6.79652033e-17 -1.27456013e-17  1.00000000e+00]]\n",
      "--------------------------------\n",
      "Matrix 4\n",
      "[[ 1.00000000e+00  4.72944060e-17  4.93022098e-17]\n",
      " [-2.30193534e-17  1.00000000e+00  1.92962312e-16]\n",
      " [ 6.79652033e-17 -1.27456013e-17  1.00000000e+00]]\n",
      "--------------------------------\n",
      "Matrix 5\n",
      "[[ 1.00000000e+00  4.72944060e-17  4.93022098e-17]\n",
      " [-2.30193534e-17  1.00000000e+00  1.92962312e-16]\n",
      " [ 6.79652033e-17 -1.27456013e-17  1.00000000e+00]]\n",
      "--------------------------------\n"
     ]
    }
   ],
   "source": [
    "def multiply_matrices_A_and_invA(A):\n",
    "    invA = np.linalg.inv(A)\n",
    "    product = np.matmul(invA, A)\n",
    "    return product\n",
    "\n",
    "matrices =[\n",
    "        np.array([[1.32, 3.25, 2.77],\n",
    "                   [-3.57, 2.12, -3.26],\n",
    "                   [-9.87, 3.33, 2.15]]),\n",
    "        np.array([[1.32, 3.25, 2.77],\n",
    "                   [-3.57, 2.12, -3.26],\n",
    "                   [-9.87, 3.33, 2.15]]),\n",
    "        np.array([[1.32, 3.25, 2.77],\n",
    "                   [-3.57, 2.12, -3.26],\n",
    "                   [-9.87, 3.33, 2.15]]),\n",
    "        np.array([[1.32, 3.25, 2.77],\n",
    "                   [-3.57, 2.12, -3.26],\n",
    "                   [-9.87, 3.33, 2.15]]),\n",
    "        np.array([[1.32, 3.25, 2.77],\n",
    "                   [-3.57, 2.12, -3.26],\n",
    "                   [-9.87, 3.33, 2.15]]),\n",
    "    ]\n",
    "\n",
    "for i, matrix in enumerate(matrices):\n",
    "    print(f\"Matrix {i+1}\")\n",
    "    print(multiply_matrices_A_and_invA(matrix))\n",
    "    print(\"--------------------------------\")"
   ]
  }
 ],
 "metadata": {
  "kernelspec": {
   "display_name": "base",
   "language": "python",
   "name": "python3"
  },
  "language_info": {
   "codemirror_mode": {
    "name": "ipython",
    "version": 3
   },
   "file_extension": ".py",
   "mimetype": "text/x-python",
   "name": "python",
   "nbconvert_exporter": "python",
   "pygments_lexer": "ipython3",
   "version": "3.11.4"
  }
 },
 "nbformat": 4,
 "nbformat_minor": 5
}
